ISBN list from: http://www.textbookx.com/isbnlist-interval-9780002712095-9780004111704.html
9780002712095
9780002712149
9780002712170
9780002712187
9780002712194
9780002712224
9780002712248
9780002712309
9780002712330
9780002712354
9780002712361
9780002712521
9780002712545
9780002712552
9780002712651
9780002712699
9780002712705
9780002712712
9780002712835
9780002713023
9780002713122
9780002713276
9780002713306
9780002713320
9780002713344
9780002713351
9780002713382
9780002713399
9780002713450
9780002713481
9780002713504
9780002713535
9780002713603
9780002713627
9780002713634
9780002713740
9780002713757
9780002713818
9780002713849
9780002713924
9780002713931
9780002714013
9780002714037
9780002714051
9780002714631
9780002714648
9780002714686
9780002715065
9780002715096
9780002715102
9780002715126